date,new_daily_cases,new_daily_deaths,total_cases,total_recoveries,total_deaths,country,code
2020-01-22,1,0,1,0,0,USA,US
2020-01-23,0,0,1,0,0,USA,US
2020-01-24,1,0,2,0,0,USA,US
2020-01-25,0,0,2,0,0,USA,US
2020-01-26,3,0,5,0,0,USA,US
2020-01-27,0,0,5,0,0,USA,US
2020-01-28,0,0,5,0,0,USA,US
2020-01-29,0,0,5,0,0,USA,US
2020-01-30,0,0,5,0,0,USA,US
2020-01-31,2,0,7,0,0,USA,US
2020-02-01,1,0,8,0,0,USA,US
2020-02-02,0,0,8,0,0,USA,US
2020-02-03,3,0,11,0,0,USA,US
2020-02-04,0,0,11,0,0,USA,US
2020-02-05,0,0,11,0,0,USA,US
2020-02-06,0,0,11,0,0,USA,US
2020-02-07,0,0,11,0,0,USA,US
2020-02-08,0,0,11,0,0,USA,US
2020-02-09,0,0,11,3,0,USA,US
2020-02-10,0,0,11,3,0,USA,US
2020-02-11,1,0,12,3,0,USA,US
2020-02-12,0,0,12,3,0,USA,US
2020-02-13,1,0,13,3,0,USA,US
2020-02-14,0,0,13,3,0,USA,US
2020-02-15,0,0,13,3,0,USA,US
2020-02-16,0,0,13,3,0,USA,US
2020-02-17,0,0,13,3,0,USA,US
2020-02-18,0,0,13,3,0,USA,US
2020-02-19,0,0,13,3,0,USA,US
2020-02-20,0,0,13,3,0,USA,US
2020-02-21,2,0,15,5,0,USA,US
2020-02-22,0,0,15,5,0,USA,US
2020-02-23,0,0,15,5,0,USA,US
2020-02-24,36,0,51,5,0,USA,US
2020-02-25,0,0,51,6,0,USA,US
2020-02-26,6,0,57,6,0,USA,US
2020-02-27,1,0,58,6,0,USA,US
2020-02-28,2,0,60,7,0,USA,US
2020-02-29,8,1,68,7,1,USA,US
2020-03-01,6,0,74,7,1,USA,US
2020-03-02,24,5,98,7,6,USA,US
2020-03-03,20,1,118,7,7,USA,US
2020-03-04,31,4,149,7,11,USA,US
2020-03-05,68,1,217,7,12,USA,US
2020-03-06,45,2,262,7,14,USA,US
2020-03-07,140,3,402,7,17,USA,US
2020-03-08,116,4,518,7,21,USA,US
2020-03-09,65,1,583,7,22,USA,US
2020-03-10,376,6,959,8,28,USA,US
2020-03-11,322,8,1281,8,36,USA,US
2020-03-12,382,4,1663,12,40,USA,US
2020-03-13,516,7,2179,12,47,USA,US
2020-03-14,548,7,2727,12,54,USA,US
2020-03-15,772,9,3499,12,63,USA,US
2020-03-16,1133,22,4632,17,85,USA,US
2020-03-17,1789,23,6421,17,108,USA,US
2020-03-18,1362,10,7783,105,118,USA,US
2020-03-19,5894,82,13677,121,200,USA,US
2020-03-20,5423,44,19100,147,244,USA,US
2020-03-21,6389,63,25489,176,307,USA,US
2020-03-22,7787,110,33276,178,417,USA,US
2020-03-23,10571,140,43847,178,557,USA,US
2020-03-24,9893,149,53740,348,706,USA,US
2020-03-25,12038,236,65778,361,942,USA,US
2020-03-26,18058,267,83836,681,1209,USA,US
2020-03-27,17821,372,101657,869,1581,USA,US
2020-03-28,19821,445,121478,1072,2026,USA,US
2020-03-29,19408,441,140886,2665,2467,USA,US
2020-03-30,20921,511,161807,5644,2978,USA,US
2020-03-31,26365,895,188172,7024,3873,USA,US
2020-04-01,25200,884,213372,8474,4757,USA,US
2020-04-02,32201,1301,245573,0,6058,USA,US
2020-04-03,30013,1029,275586,0,7087,USA,US
2020-04-04,32947,1289,308533,0,8376,USA,US
2020-04-05,28539,1243,337072,0,9619,USA,US
2020-04-06,29542,1164,366614,0,10783,USA,US
2020-04-07,29609,1939,396223,0,12722,USA,US
2020-04-08,32829,1973,429052,0,14695,USA,US
2020-04-09,32385,1783,461437,0,16478,USA,US
2020-04-10,35098,2108,496535,0,18586,USA,US
2020-04-11,29861,1877,526396,0,20463,USA,US
2020-04-12,28917,1557,555313,0,22020,USA,US
2020-04-13,24887,1509,580200,0,23529,USA,US
2020-04-14,22789,2046,602989,0,25575,USA,US
2020-04-15,33361,2751,636350,0,28326,USA,US
2020-04-16,30875,4542,667225,0,32868,USA,US
2020-04-17,31880,3859,699105,0,36727,USA,US
2020-04-18,33092,1937,732197,0,38664,USA,US
2020-04-19,23336,1797,755533,0,40461,USA,US
2020-04-20,27757,1411,783290,0,41872,USA,US
2020-04-21,39967,2933,823257,0,44805,USA,US
2020-04-22,14690,1692,837947,0,46497,USA,US
2020-04-23,28699,3262,866646,0,49759,USA,US
2020-04-24,23878,1258,890524,0,51017,USA,US
2020-04-25,43409,2432,933933,0,53449,USA,US
2020-04-26,29446,1361,963379,0,54810,USA,US
2020-04-27,23643,1334,987022,0,56144,USA,US
2020-04-28,24578,2199,1011600,0,58343,USA,US
2020-04-29,26370,2510,1037970,0,60853,USA,US
2020-04-30,30726,2053,1068696,0,62906,USA,US
2020-05-01,34007,1883,1102703,0,64789,USA,US
2020-05-02,25009,1286,1127712,0,66075,USA,US
2020-05-03,29975,1599,1157687,0,67674,USA,US
2020-05-04,21219,1015,1178906,0,68689,USA,US
2020-05-05,24596,2333,1203502,0,71022,USA,US
2020-05-06,19966,2017,1223468,0,73039,USA,US
2020-05-07,31282,2504,1254750,0,75543,USA,US
2020-05-08,27310,1583,1282060,0,77126,USA,US
2020-05-09,27104,1620,1309164,0,78746,USA,US
2020-05-10,19037,762,1328201,0,79508,USA,US
2020-05-11,18522,844,1346723,0,80352,USA,US
2020-05-12,20768,1875,1367491,0,82227,USA,US
2020-05-13,22444,1832,1389935,0,84059,USA,US
2020-05-14,26593,1754,1416528,0,85813,USA,US
2020-05-15,26396,1680,1442924,0,87493,USA,US
2020-05-16,23758,1237,1466682,0,88730,USA,US
2020-05-17,19694,820,1486376,0,89550,USA,US
2020-05-18,20464,759,1506840,0,90309,USA,US
2020-05-19,20515,1536,1527355,0,91845,USA,US
2020-05-20,21697,1369,1549052,0,93214,USA,US
2020-05-21,26012,1377,1575064,0,94591,USA,US
2020-05-22,24676,1295,1599740,0,95886,USA,US
2020-05-23,13736,776,1613476,0,96662,USA,US
2020-05-24,27496,1017,1640972,0,97679,USA,US
2020-05-25,16469,355,1657441,0,98034,USA,US
2020-05-26,22860,841,1680301,0,98875,USA,US
2020-05-27,17158,1396,1697459,0,100271,USA,US
2020-05-28,22396,1291,1719855,0,101562,USA,US
2020-05-29,24403,1147,1744258,0,102709,USA,US
2020-05-30,21995,976,1766253,0,103685,USA,US
2020-05-31,20340,634,1786593,0,104319,USA,US
2020-06-01,21698,684,1808291,0,105003,USA,US
2020-06-02,21775,1117,1830066,0,106120,USA,US
2020-06-03,19494,973,1849560,0,107093,USA,US
2020-06-04,20596,958,1870156,0,108051,USA,US
2020-06-05,24346,949,1894502,0,109000,USA,US
2020-06-06,22578,702,1917080,0,109702,USA,US
2020-06-07,21762,780,1938842,0,110482,USA,US
2020-06-08,17685,452,1956527,0,110934,USA,US
2020-06-09,17276,817,1973803,0,111751,USA,US
2020-06-10,25510,1082,1999313,0,112833,USA,US
2020-06-11,19562,867,2018875,0,113700,USA,US
2020-06-12,25697,913,2044572,0,114613,USA,US
2020-06-13,27210,734,2071782,0,115347,USA,US
2020-06-14,21553,382,2093335,0,115729,USA,US
2020-06-15,17456,361,2110791,0,116090,USA,US
2020-06-16,24182,764,2134973,0,116854,USA,US
2020-06-17,24473,809,2159446,0,117663,USA,US
2020-06-18,26427,671,2185873,0,118334,USA,US
2020-06-19,32584,727,2218457,0,119061,USA,US
2020-06-20,31783,584,2250240,0,119645,USA,US
2020-06-21,25079,304,2275319,0,119949,USA,US
2020-06-22,30928,402,2306247,0,120351,USA,US
2020-06-23,35385,806,2341632,0,121157,USA,US
2020-06-24,34631,745,2376263,0,121902,USA,US
2020-06-25,40464,648,2416727,0,122550,USA,US
2020-06-26,45330,2410,2462057,0,124960,USA,US
2020-06-27,42435,512,2504492,0,125472,USA,US
2020-06-28,39677,296,2544169,0,125768,USA,US
2020-06-29,37370,321,2581539,0,126089,USA,US
2020-06-30,46552,1197,2628091,0,127286,USA,US
2020-07-01,50111,684,2678202,0,127970,USA,US
2020-07-02,54437,681,2732639,0,128651,USA,US
2020-07-03,55756,655,2788395,0,129306,USA,US
2020-07-04,47718,348,2836113,0,129654,USA,US
2020-07-05,38704,217,2874817,0,129871,USA,US
2020-07-06,47183,337,2922000,0,130208,USA,US
2020-07-07,69351,1154,2991351,924148,131362,USA,US
2020-07-08,55000,833,3046351,924148,132195,USA,US
2020-07-09,65551,1000,3111902,924148,133195,USA,US
2020-07-10,61544,745,3173446,924148,133940,USA,US
2020-07-11,66261,779,3239707,924148,134719,USA,US
2020-07-12,57794,436,3297501,924148,135155,USA,US
2020-07-13,55847,369,3353348,924148,135524,USA,US
2020-07-14,62874,795,3416222,924148,136319,USA,US
2020-07-15,74513,916,3490735,924148,137235,USA,US
2020-07-16,69629,966,3560364,924148,138201,USA,US
2020-07-17,74443,875,3634807,924148,139076,USA,US
2020-07-18,63402,884,3698209,924148,139960,USA,US
2020-07-19,63872,514,3762081,924148,140474,USA,US
2020-07-20,54346,405,3816427,924148,140879,USA,US
2020-07-21,71237,966,3887664,924148,141845,USA,US
2020-07-22,68196,1097,3955860,924148,142942,USA,US
2020-07-23,72881,1130,4028741,924148,144072,USA,US
2020-07-24,74630,1189,4103371,924148,145261,USA,US
2020-07-25,64292,1056,4167663,924148,146317,USA,US
2020-07-26,59701,572,4227364,924148,146889,USA,US
2020-07-27,54776,902,4282140,924148,147791,USA,US
2020-07-28,64608,1389,4346748,924148,149180,USA,US
2020-07-29,68086,1267,4414834,924148,150447,USA,US
2020-07-30,70620,1347,4485454,924148,151794,USA,US
2020-07-31,70778,1474,4556232,924148,153268,USA,US
2020-08-01,61262,1051,4617494,924148,154319,USA,US
2020-08-02,45366,514,4662860,924148,154833,USA,US
2020-08-03,48463,533,4711323,924148,155366,USA,US
2020-08-04,52423,1301,4763746,924148,156667,USA,US
2020-08-05,54582,1263,4818328,924148,157930,USA,US
2020-08-06,55419,2001,4873747,924148,159931,USA,US
2020-08-07,55055,1121,4928802,924148,161052,USA,US
2020-08-08,65474,1329,4994276,924148,162381,USA,US
2020-08-09,47197,532,5041473,924148,162913,USA,US
2020-08-10,38468,418,5079941,924148,163331,USA,US
2020-08-11,58909,1149,5138850,924148,164480,USA,US
2020-08-12,52839,1429,5191689,924148,165909,USA,US
2020-08-13,52549,1120,5244238,924148,167029,USA,US
2020-08-14,60444,1289,5304682,924148,168318,USA,US
2020-08-15,51562,1105,5356244,924148,169423,USA,US
2020-08-16,44923,596,5401167,924148,170019,USA,US
2020-08-17,34741,434,5435908,924148,170453,USA,US
2020-08-18,42594,1183,5478502,924148,171636,USA,US
2020-08-19,45896,1329,5524398,924148,172965,USA,US
2020-08-20,46704,1213,5571102,924148,174178,USA,US
2020-08-21,47031,1067,5618133,924148,175245,USA,US
2020-08-22,46715,1076,5664848,924148,176321,USA,US
2020-08-23,34956,444,5699804,924148,176765,USA,US
2020-08-24,37594,450,5737398,924148,177215,USA,US
2020-08-25,36368,1132,5773766,924148,178347,USA,US
2020-08-26,43772,1249,5817538,924148,179596,USA,US
2020-08-27,42859,931,5860397,924148,180527,USA,US
2020-08-28,50003,1128,5910400,924148,181655,USA,US
2020-08-29,48086,1056,5958486,924148,182711,USA,US
2020-08-30,35182,323,5993668,924148,183034,USA,US
2020-08-31,33443,465,6027111,924148,183499,USA,US
2020-09-01,44860,1090,6071971,924148,184589,USA,US
2020-09-02,38564,1055,6110535,924148,185644,USA,US
2020-09-03,35688,1049,6146223,924148,186693,USA,US
2020-09-04,52773,1003,6198996,924148,187696,USA,US
2020-09-05,43043,805,6242039,924148,188501,USA,US
2020-09-06,32349,408,6274388,924148,188909,USA,US
2020-09-07,25249,259,6299637,924148,189168,USA,US
2020-09-08,25405,389,6325042,924148,189557,USA,US
2020-09-09,33205,1170,6358247,924148,190727,USA,US
2020-09-10,37356,1000,6395603,924148,191727,USA,US
2020-09-11,43136,1107,6438739,924148,192834,USA,US
