date,new_daily_cases,new_daily_deaths,total_cases,total_recoveries,total_deaths,country,code
2020-03-05,1,0,1,0,0,South Africa,ZA
2020-03-06,0,0,1,0,0,South Africa,ZA
2020-03-07,0,0,1,0,0,South Africa,ZA
2020-03-08,2,0,3,0,0,South Africa,ZA
2020-03-09,0,0,3,0,0,South Africa,ZA
2020-03-10,4,0,7,0,0,South Africa,ZA
2020-03-11,6,0,13,0,0,South Africa,ZA
2020-03-12,4,0,17,0,0,South Africa,ZA
2020-03-13,7,0,24,0,0,South Africa,ZA
2020-03-14,14,0,38,0,0,South Africa,ZA
2020-03-15,13,0,51,0,0,South Africa,ZA
2020-03-16,11,0,62,0,0,South Africa,ZA
2020-03-17,0,0,62,0,0,South Africa,ZA
2020-03-18,54,0,116,0,0,South Africa,ZA
2020-03-19,34,0,150,0,0,South Africa,ZA
2020-03-20,52,0,202,0,0,South Africa,ZA
2020-03-21,38,0,240,0,0,South Africa,ZA
2020-03-22,34,0,274,0,0,South Africa,ZA
2020-03-23,128,0,402,0,0,South Africa,ZA
2020-03-24,152,0,554,4,0,South Africa,ZA
2020-03-25,155,0,709,12,0,South Africa,ZA
2020-03-26,218,0,927,12,0,South Africa,ZA
2020-03-27,243,1,1170,31,1,South Africa,ZA
2020-03-28,17,0,1187,31,1,South Africa,ZA
2020-03-29,93,1,1280,31,2,South Africa,ZA
2020-03-30,46,1,1326,31,3,South Africa,ZA
2020-03-31,27,2,1353,31,5,South Africa,ZA
2020-04-01,27,0,1380,50,5,South Africa,ZA
2020-04-02,82,0,1462,2,5,South Africa,ZA
2020-04-03,43,4,1505,2,9,South Africa,ZA
2020-04-04,80,0,1585,2,9,South Africa,ZA
2020-04-05,70,2,1655,2,11,South Africa,ZA
2020-04-06,31,1,1686,2,12,South Africa,ZA
2020-04-07,63,1,1749,2,13,South Africa,ZA
2020-04-08,96,5,1845,2,18,South Africa,ZA
2020-04-09,89,0,1934,2,18,South Africa,ZA
2020-04-10,69,6,2003,2,24,South Africa,ZA
2020-04-11,25,1,2028,2,25,South Africa,ZA
2020-04-12,145,0,2173,2,25,South Africa,ZA
2020-04-13,99,2,2272,2,27,South Africa,ZA
2020-04-14,143,0,2415,2,27,South Africa,ZA
2020-04-15,91,7,2506,2,34,South Africa,ZA
2020-04-16,99,14,2605,2,48,South Africa,ZA
2020-04-17,178,2,2783,2,50,South Africa,ZA
2020-04-18,251,2,3034,2,52,South Africa,ZA
2020-04-19,124,2,3158,2,54,South Africa,ZA
2020-04-20,142,4,3300,2,58,South Africa,ZA
2020-04-21,165,0,3465,2,58,South Africa,ZA
2020-04-22,170,7,3635,2,65,South Africa,ZA
2020-04-23,318,10,3953,2,75,South Africa,ZA
2020-04-24,267,4,4220,2,79,South Africa,ZA
2020-04-25,141,7,4361,2,86,South Africa,ZA
2020-04-26,185,1,4546,2,87,South Africa,ZA
2020-04-27,247,3,4793,2,90,South Africa,ZA
2020-04-28,203,3,4996,2,93,South Africa,ZA
2020-04-29,354,10,5350,2,103,South Africa,ZA
2020-04-30,297,0,5647,2,103,South Africa,ZA
2020-05-01,304,13,5951,2,116,South Africa,ZA
2020-05-02,385,7,6336,2,123,South Africa,ZA
2020-05-03,447,8,6783,2,131,South Africa,ZA
2020-05-04,437,7,7220,2,138,South Africa,ZA
2020-05-05,352,10,7572,2,148,South Africa,ZA
2020-05-06,236,5,7808,2,153,South Africa,ZA
2020-05-07,424,8,8232,2,161,South Africa,ZA
2020-05-08,663,17,8895,2,178,South Africa,ZA
2020-05-09,525,8,9420,2,186,South Africa,ZA
2020-05-10,595,8,10015,2,194,South Africa,ZA
2020-05-11,637,12,10652,2,206,South Africa,ZA
2020-05-12,698,0,11350,2,206,South Africa,ZA
2020-05-13,724,13,12074,2,219,South Africa,ZA
2020-05-14,665,19,12739,2,238,South Africa,ZA
2020-05-15,785,9,13524,2,247,South Africa,ZA
2020-05-16,831,14,14355,2,261,South Africa,ZA
2020-05-17,1160,3,15515,2,264,South Africa,ZA
2020-05-18,918,22,16433,2,286,South Africa,ZA
2020-05-19,767,26,17200,2,312,South Africa,ZA
2020-05-20,803,27,18003,2,339,South Africa,ZA
2020-05-21,1134,30,19137,2,369,South Africa,ZA
2020-05-22,988,28,20125,2,397,South Africa,ZA
2020-05-23,0,0,20125,2,397,South Africa,ZA
2020-05-24,2458,32,22583,2,429,South Africa,ZA
2020-05-25,1032,52,23615,2,481,South Africa,ZA
2020-05-26,649,43,24264,2,524,South Africa,ZA
2020-05-27,1673,28,25937,2,552,South Africa,ZA
2020-05-28,1466,25,27403,2,577,South Africa,ZA
2020-05-29,1837,34,29240,2,611,South Africa,ZA
2020-05-30,1727,32,30967,2,643,South Africa,ZA
2020-05-31,1716,40,32683,2,683,South Africa,ZA
2020-06-01,1674,22,34357,2,705,South Africa,ZA
2020-06-02,1455,50,35812,2,755,South Africa,ZA
2020-06-03,1713,37,37525,2,792,South Africa,ZA
2020-06-04,3267,56,40792,2,848,South Africa,ZA
2020-06-05,2642,60,43434,2,908,South Africa,ZA
2020-06-06,2539,44,45973,2,952,South Africa,ZA
2020-06-07,2312,46,48285,2,998,South Africa,ZA
2020-06-08,2594,82,50879,2,1080,South Africa,ZA
2020-06-09,2112,82,52991,2,1162,South Africa,ZA
2020-06-10,2430,48,55421,2,1210,South Africa,ZA
2020-06-11,3147,74,58568,2,1284,South Africa,ZA
2020-06-12,3359,70,61927,2,1354,South Africa,ZA
2020-06-13,3809,69,65736,2,1423,South Africa,ZA
2020-06-14,4302,57,70038,2,1480,South Africa,ZA
2020-06-15,3495,88,73533,2,1568,South Africa,ZA
2020-06-16,2801,57,76334,2,1625,South Africa,ZA
2020-06-17,4078,49,80412,2,1674,South Africa,ZA
2020-06-18,3478,63,83890,2,1737,South Africa,ZA
2020-06-19,3825,94,87715,2,1831,South Africa,ZA
2020-06-20,4966,46,92681,2,1877,South Africa,ZA
2020-06-21,4621,53,97302,2,1930,South Africa,ZA
2020-06-22,4288,61,101590,2,1991,South Africa,ZA
2020-06-23,4518,111,106108,2,2102,South Africa,ZA
2020-06-24,5688,103,111796,2,2205,South Africa,ZA
2020-06-25,6579,87,118375,2,2292,South Africa,ZA
2020-06-26,6215,48,124590,2,2340,South Africa,ZA
2020-06-27,7210,73,131800,2,2413,South Africa,ZA
2020-06-28,6334,43,138134,2,2456,South Africa,ZA
2020-06-29,6130,73,144264,2,2529,South Africa,ZA
2020-06-30,6945,128,151209,2,2657,South Africa,ZA
2020-07-01,8124,92,159333,2,2749,South Africa,ZA
2020-07-02,8728,95,168061,2,2844,South Africa,ZA
2020-07-03,9063,108,177124,2,2952,South Africa,ZA
2020-07-04,10853,74,187977,2,3026,South Africa,ZA
2020-07-05,8773,173,196750,2,3199,South Africa,ZA
2020-07-06,8971,111,205721,2,3310,South Africa,ZA
2020-07-07,10134,192,215855,97848,3502,South Africa,ZA
2020-07-08,8810,100,224665,97848,3602,South Africa,ZA
2020-07-09,13674,118,238339,97848,3720,South Africa,ZA
2020-07-10,12348,140,250687,97848,3860,South Africa,ZA
2020-07-11,13497,111,264184,97848,3971,South Africa,ZA
2020-07-12,12058,108,276242,97848,4079,South Africa,ZA
2020-07-13,11554,93,287796,97848,4172,South Africa,ZA
2020-07-14,10496,174,298292,97848,4346,South Africa,ZA
2020-07-15,12757,107,311049,97848,4453,South Africa,ZA
2020-07-16,13172,216,324221,97848,4669,South Africa,ZA
2020-07-17,13373,135,337594,97848,4804,South Africa,ZA
2020-07-18,13285,144,350879,97848,4948,South Africa,ZA
2020-07-19,13449,85,364328,97848,5033,South Africa,ZA
2020-07-20,9300,140,373628,97848,5173,South Africa,ZA
2020-07-21,8170,195,381798,97848,5368,South Africa,ZA
2020-07-22,13150,572,394948,97848,5940,South Africa,ZA
2020-07-23,13104,153,408052,97848,6093,South Africa,ZA
2020-07-24,13944,250,421996,97848,6343,South Africa,ZA
2020-07-25,12204,312,434200,97848,6655,South Africa,ZA
2020-07-26,11233,114,445433,97848,6769,South Africa,ZA
2020-07-27,7096,298,452529,97848,7067,South Africa,ZA
2020-07-28,7232,190,459761,97848,7257,South Africa,ZA
2020-07-29,11362,240,471123,97848,7497,South Africa,ZA
2020-07-30,11046,315,482169,97848,7812,South Africa,ZA
2020-07-31,11014,193,493183,97848,8005,South Africa,ZA
