dailyconfirmed,dailydeceased,dailyrecovered,date,dateymd,totalconfirmed,totaldeceased,totalrecovered
1,0,0,30 January ,2020-01-30,1,0,0
0,0,0,31 January ,2020-01-31,1,0,0
0,0,0,01 February ,2020-02-01,1,0,0
1,0,0,02 February ,2020-02-02,2,0,0
1,0,0,03 February ,2020-02-03,3,0,0
0,0,0,04 February ,2020-02-04,3,0,0
0,0,0,05 February ,2020-02-05,3,0,0
0,0,0,06 February ,2020-02-06,3,0,0
0,0,0,07 February ,2020-02-07,3,0,0
0,0,0,08 February ,2020-02-08,3,0,0
0,0,0,09 February ,2020-02-09,3,0,0
0,0,0,10 February ,2020-02-10,3,0,0
0,0,0,11 February ,2020-02-11,3,0,0
0,0,0,12 February ,2020-02-12,3,0,0
0,0,1,13 February ,2020-02-13,3,0,1
0,0,0,14 February ,2020-02-14,3,0,1
0,0,0,15 February ,2020-02-15,3,0,1
0,0,1,16 February ,2020-02-16,3,0,2
0,0,0,17 February ,2020-02-17,3,0,2
0,0,0,18 February ,2020-02-18,3,0,2
0,0,0,19 February ,2020-02-19,3,0,2
0,0,1,20 February ,2020-02-20,3,0,3
0,0,0,21 February ,2020-02-21,3,0,3
0,0,0,22 February ,2020-02-22,3,0,3
0,0,0,23 February ,2020-02-23,3,0,3
0,0,0,24 February ,2020-02-24,3,0,3
0,0,0,25 February ,2020-02-25,3,0,3
0,0,0,26 February ,2020-02-26,3,0,3
0,0,0,27 February ,2020-02-27,3,0,3
0,0,0,28 February ,2020-02-28,3,0,3
0,0,0,29 February ,2020-02-29,3,0,3
0,0,0,01 March ,2020-03-01,3,0,3
2,0,0,02 March ,2020-03-02,5,0,3
1,0,0,03 March ,2020-03-03,6,0,3
22,0,0,04 March ,2020-03-04,28,0,3
2,0,0,05 March ,2020-03-05,30,0,3
1,0,0,06 March ,2020-03-06,31,0,3
3,0,0,07 March ,2020-03-07,34,0,3
5,0,0,08 March ,2020-03-08,39,0,3
9,0,0,09 March ,2020-03-09,48,0,3
15,0,1,10 March ,2020-03-10,63,0,4
8,0,0,11 March ,2020-03-11,71,0,4
10,1,0,12 March ,2020-03-12,81,1,4
10,0,6,13 March ,2020-03-13,91,1,10
11,1,0,14 March ,2020-03-14,102,2,10
10,0,3,15 March ,2020-03-15,112,2,13
14,0,1,16 March ,2020-03-16,126,2,14
20,1,1,17 March ,2020-03-17,146,3,15
25,0,0,18 March ,2020-03-18,171,3,15
27,1,5,19 March ,2020-03-19,198,4,20
58,0,3,20 March ,2020-03-20,256,4,23
78,0,0,21 March ,2020-03-21,334,4,23
69,3,0,22 March ,2020-03-22,403,7,23
94,2,2,23 March ,2020-03-23,497,9,25
74,1,15,24 March ,2020-03-24,571,10,40
86,1,3,25 March ,2020-03-25,657,11,43
73,5,7,26 March ,2020-03-26,730,16,50
153,3,25,27 March ,2020-03-27,883,19,75
136,5,10,28 March ,2020-03-28,1019,24,85
120,3,17,29 March ,2020-03-29,1139,27,102
187,14,35,30 March ,2020-03-30,1326,41,137
309,6,13,31 March ,2020-03-31,1635,47,150
424,6,19,01 April ,2020-04-01,2059,53,169
486,16,22,02 April ,2020-04-02,2545,69,191
560,14,39,03 April ,2020-04-03,3105,83,230
579,13,56,04 April ,2020-04-04,3684,96,286
609,22,43,05 April ,2020-04-05,4293,118,329
484,16,65,06 April ,2020-04-06,4777,134,394
573,27,75,07 April ,2020-04-07,5350,161,469
565,20,96,08 April ,2020-04-08,5915,181,565
813,46,70,09 April ,2020-04-09,6728,227,635
871,22,151,10 April ,2020-04-10,7599,249,786
854,41,186,11 April ,2020-04-11,8453,290,972
758,42,114,12 April ,2020-04-12,9211,332,1086
1243,27,112,13 April ,2020-04-13,10454,359,1198
1031,37,167,14 April ,2020-04-14,11485,396,1365
886,27,144,15 April ,2020-04-15,12371,423,1509
1061,26,258,16 April ,2020-04-16,13432,449,1767
922,38,273,17 April ,2020-04-17,14354,487,2040
1371,35,426,18 April ,2020-04-18,15725,522,2466
1580,38,388,19 April ,2020-04-19,17305,560,2854
1239,33,419,20 April ,2020-04-20,18544,593,3273
1537,53,703,21 April ,2020-04-21,20081,646,3976
1292,36,394,22 April ,2020-04-22,21373,682,4370
1667,40,642,23 April ,2020-04-23,23040,722,5012
1408,59,484,24 April ,2020-04-24,24448,781,5496
1835,44,442,25 April ,2020-04-25,26283,825,5938
1607,56,585,26 April ,2020-04-26,27890,881,6523
1568,58,580,27 April ,2020-04-27,29458,939,7103
1902,69,636,28 April ,2020-04-28,31360,1008,7739
1705,71,690,29 April ,2020-04-29,33065,1079,8429
1801,75,630,30 April ,2020-04-30,34866,1154,9059
2396,77,962,01 May ,2020-05-01,37262,1231,10021
2564,92,831,02 May ,2020-05-02,39826,1323,10852
2952,140,911,03 May ,2020-05-03,42778,1463,11763
3656,103,1082,04 May ,2020-05-04,46434,1566,12845
2971,128,1295,05 May ,2020-05-05,49405,1694,14140
3602,91,1161,06 May ,2020-05-06,53007,1785,15301
3344,104,1475,07 May ,2020-05-07,56351,1889,16776
3339,97,1111,08 May ,2020-05-08,59690,1986,17887
3175,115,1414,09 May ,2020-05-09,62865,2101,19301
4311,112,1669,10 May ,2020-05-10,67176,2213,20970
3592,81,1579,11 May ,2020-05-11,70768,2294,22549
3562,120,1905,12 May ,2020-05-12,74330,2414,24454
3726,137,1963,13 May ,2020-05-13,78056,2551,26417
3991,97,1594,14 May ,2020-05-14,82047,2648,28011
3808,104,2234,15 May ,2020-05-15,85855,2752,30245
4794,120,4012,16 May ,2020-05-16,90649,2872,34257
5049,152,2538,17 May ,2020-05-17,95698,3024,36795
4628,131,2482,18 May ,2020-05-18,100326,3155,39277
6154,146,3032,19 May ,2020-05-19,106480,3301,42309
5720,134,3113,20 May ,2020-05-20,112200,3435,45422
6023,148,3131,21 May ,2020-05-21,118223,3583,48553
6536,142,3280,22 May ,2020-05-22,124759,3725,51833
6667,142,2576,23 May ,2020-05-23,131424,3867,54409
7111,156,3285,24 May ,2020-05-24,138537,4023,57694
6414,150,3012,25 May ,2020-05-25,144951,4173,60706
5907,173,3585,26 May ,2020-05-26,150858,4346,64291
7246,188,3434,27 May ,2020-05-27,158104,4534,67725
7254,176,3171,28 May ,2020-05-28,165358,4710,70896
8138,269,11735,29 May ,2020-05-29,173496,4979,82631
8364,205,4303,30 May ,2020-05-30,181860,5184,86934
8789,222,4928,31 May ,2020-05-31,190649,5406,91862
7723,201,3882,01 June ,2020-06-01,198372,5607,95744
8812,222,4531,02 June ,2020-06-02,207187,5829,100275
9689,259,3789,03 June ,2020-06-03,216876,6088,104064
9847,274,4390,04 June ,2020-06-04,226723,6362,108454
9472,286,4770,05 June ,2020-06-05,236195,6648,113224
10408,297,5433,06 June ,2020-06-06,246603,6945,118657
10882,261,5191,07 June ,2020-06-07,257485,7206,123848
8536,271,5171,08 June ,2020-06-08,266021,7477,129019
9981,272,5634,09 June ,2020-06-09,276002,7749,134653
11156,358,6275,10 June ,2020-06-10,287158,8107,140928
11135,394,6044,11 June ,2020-06-11,298293,8501,146972
11306,388,7263,12 June ,2020-06-12,309599,8889,154235
12039,309,8092,13 June ,2020-06-13,321638,9198,162327
11405,324,7358,14 June ,2020-06-14,333043,9522,169685
10032,396,10639,15 June ,2020-06-15,343075,9918,180324
11086,2004,7226,16 June ,2020-06-16,354161,11922,187550
13108,341,6890,17 June ,2020-06-17,367269,12263,194440
13829,343,10741,18 June ,2020-06-18,381098,12606,205181
14740,364,9029,19 June ,2020-06-19,395838,12970,214210
15918,308,13974,20 June ,2020-06-20,411753,13278,228184
15151,426,9075,21 June ,2020-06-21,426904,13704,237259
13560,312,10879,22 June ,2020-06-22,440464,14016,248138
15656,468,10462,23 June ,2020-06-23,456120,14484,258600
16868,424,13089,24 June ,2020-06-24,472988,14908,271689
18205,401,13983,25 June ,2020-06-25,491193,15309,285672
18255,381,10246,26 June ,2020-06-26,509448,15690,295918
20142,414,14229,27 June ,2020-06-27,529590,16104,310147
19610,384,11631,28 June ,2020-06-28,549200,16488,321778
18339,417,13497,29 June ,2020-06-29,567539,16905,335275
18256,506,12565,30 June ,2020-06-30,585795,17411,347840
19429,438,12064,01 July ,2020-07-01,605224,17849,359904
21947,378,19999,02 July ,2020-07-02,627171,18227,379903
22718,444,14417,03 July ,2020-07-03,649889,18671,394320
24018,611,14746,04 July ,2020-07-04,673907,19282,409066
23942,421,15829,05 July ,2020-07-05,697849,19703,424895
22500,473,15315,06 July ,2020-07-06,720349,20176,440210
23147,479,16836,07 July ,2020-07-07,743496,20655,457046
25561,492,19508,08 July ,2020-07-08,769057,21147,476554
25790,479,19408,09 July ,2020-07-09,794847,21626,495962
27762,520,20289,10 July ,2020-07-10,822609,22146,516251
27757,543,19981,11 July ,2020-07-11,850366,22689,536232
29106,500,18198,12 July ,2020-07-12,879472,23189,554430
28178,541,17683,13 July ,2020-07-13,907650,23730,572113
29917,587,20977,14 July ,2020-07-14,937567,24317,593090
32607,614,20646,15 July ,2020-07-15,970174,24931,613736
35468,680,22867,16 July ,2020-07-16,1005642,25611,636603
34820,676,17476,17 July ,2020-07-17,1040462,26287,654079
37411,543,23583,18 July ,2020-07-18,1077873,26830,677662
40235,675,22730,19 July ,2020-07-19,1118108,27505,700392
36806,596,24303,20 July ,2020-07-20,1154914,28101,724695
39170,671,27589,21 July ,2020-07-21,1194084,28772,752284
45601,1130,31875,22 July ,2020-07-22,1239685,29902,784159
48443,755,33326,23 July ,2020-07-23,1288128,30657,817485
48888,763,32514,24 July ,2020-07-24,1337016,31420,849999
50072,703,37125,25 July ,2020-07-25,1387088,32123,887124
48932,704,31512,26 July ,2020-07-26,1436020,32827,918636
46484,642,34354,27 July ,2020-07-27,1482504,33469,952990
49631,774,35683,28 July ,2020-07-28,1532135,34243,988673
52479,775,32886,29 July ,2020-07-29,1584614,35018,1021559
54968,784,37425,30 July ,2020-07-30,1639582,35802,1058984
57486,764,36554,31 July ,2020-07-31,1697068,36566,1095538
55117,854,51368,01 August ,2020-08-01,1752185,37420,1146906
52672,760,40355,02 August ,2020-08-02,1804857,38180,1187261
50488,806,43070,03 August ,2020-08-03,1855345,38986,1230331
51282,849,51220,04 August ,2020-08-04,1906627,39835,1281551
56626,919,45583,05 August ,2020-08-05,1963253,40754,1327134
62170,899,50141,06 August ,2020-08-06,2025423,41653,1377275
61455,936,50387,07 August ,2020-08-07,2086878,42589,1427662
65156,875,52135,08 August ,2020-08-08,2152034,43464,1479797
62117,1013,54474,09 August ,2020-08-09,2214151,44477,1534271
53016,887,47362,10 August ,2020-08-10,2267167,45364,1581633
61252,835,56461,11 August ,2020-08-11,2328419,46199,1638094
67066,950,57759,12 August ,2020-08-12,2395485,47149,1695853
64141,1006,54776,13 August ,2020-08-13,2459626,48155,1750629
65610,989,56920,14 August ,2020-08-14,2525236,49144,1807549
63986,952,53116,15 August ,2020-08-15,2589222,50096,1860665
58096,952,57404,16 August ,2020-08-16,2647318,51048,1918069
54298,880,58172,17 August ,2020-08-17,2701616,51928,1976241
65024,1099,60455,18 August ,2020-08-18,2766640,53027,2036696
69196,979,59365,19 August ,2020-08-19,2835836,54006,2096061
68518,981,61873,20 August ,2020-08-20,2904354,54987,2157934
69029,953,62858,21 August ,2020-08-21,2973383,55940,2220792
70067,918,59101,22 August ,2020-08-22,3043450,56858,2279893
61749,846,56896,23 August ,2020-08-23,3105199,57704,2336789
59696,854,66305,24 August ,2020-08-24,3164895,58558,2403094
66873,1066,64151,25 August ,2020-08-25,3231768,59624,2467245
75995,1017,56191,26 August ,2020-08-26,3307763,60641,2523436
76827,1066,59620,27 August ,2020-08-27,3384590,61707,2583056
76657,1019,64475,28 August ,2020-08-28,3461247,62726,2647531
78479,943,64982,29 August ,2020-08-29,3539726,63669,2712513
79461,960,60422,30 August ,2020-08-30,3619187,64629,2772935
68766,816,64435,31 August ,2020-08-31,3687953,65445,2837370
78168,892,62145,01 September ,2020-09-01,3766121,66337,2899515
82860,913,67874,02 September ,2020-09-02,3848981,67250,2967389
84156,979,67491,03 September ,2020-09-03,3933137,68229,3034880
87115,950,69625,04 September ,2020-09-04,4020252,69179,3104505
90600,916,73161,05 September ,2020-09-05,4110852,70095,3177666
91725,1005,69630,06 September ,2020-09-06,4202577,71100,3247296
75015,1129,74116,07 September ,2020-09-07,4277592,72229,3321412
89855,1107,74608,08 September ,2020-09-08,4367447,73336,3396020
95536,1168,73062,09 September ,2020-09-09,4462983,74504,3469082
96762,1213,70904,10 September ,2020-09-10,4559745,75717,3539986
97655,1202,81456,11 September ,2020-09-11,4657400,76919,3621442
94414,1111,77862,12 September ,2020-09-12,4751814,78030,3699304
93220,1140,77748,13 September ,2020-09-13,4845034,79170,3777052
81913,1054,79213,14 September ,2020-09-14,4926947,80224,3856265
91098,1281,82849,15 September ,2020-09-15,5018045,81505,3939114
97860,1140,82924,16 September ,2020-09-16,5115905,82645,4022038
96787,1175,87788,17 September ,2020-09-17,5212692,83820,4109826
92973,1221,95515,18 September ,2020-09-18,5305665,85041,4205341
92574,1149,94389,19 September ,2020-09-19,5398239,86190,4299730
87395,1135,92926,20 September ,2020-09-20,5485634,87325,4392656
74493,1056,102070,21 September ,2020-09-21,5560127,88381,4494726
83362,1085,89657,22 September ,2020-09-22,5643489,89466,4584383
86703,1123,87459,23 September ,2020-09-23,5730192,90589,4671842
85921,1144,81142,24 September ,2020-09-24,5816113,91733,4752984
85717,1093,93331,25 September ,2020-09-25,5901830,92826,4846315
88759,1124,92365,26 September ,2020-09-26,5990589,93950,4938680
82770,1040,74691,27 September ,2020-09-27,6073359,94990,5013371
69669,775,85198,28 September ,2020-09-28,6143028,95765,5098569
80500,1178,86150,29 September ,2020-09-29,6223528,96943,5184719
86748,1179,85274,30 September ,2020-09-30,6310276,98122,5269993
81784,1099,78731,01 October ,2020-10-01,6392060,99221,5348724
79883,1068,76339,02 October ,2020-10-02,6471943,100289,5425063
75479,937,81655,03 October ,2020-10-03,6547422,101226,5506718
74770,903,76713,04 October ,2020-10-04,6622192,102129,5583431
60130,886,75855,05 October ,2020-10-05,6682322,103015,5659286
71869,990,81945,06 October ,2020-10-06,6754191,104005,5741231
78809,963,83209,07 October ,2020-10-07,6833000,104968,5824440
70797,967,78745,08 October ,2020-10-08,6903797,105935,5903185
73305,929,82628,09 October ,2020-10-09,6977102,106864,5985813
74418,921,89024,10 October ,2020-10-10,7051520,107785,6074837
67789,813,71565,11 October ,2020-10-11,7119309,108598,6146402
54262,710,78365,12 October ,2020-10-12,7173571,109308,6224767
63717,727,74079,13 October ,2020-10-13,7237288,110035,6298846
67811,690,81582,14 October ,2020-10-14,7305099,110725,6380428
63441,882,70792,15 October ,2020-10-15,7368540,111607,6451220
62304,840,70568,16 October ,2020-10-16,7430844,112447,6521788
61893,1032,72583,17 October ,2020-10-17,7492737,113479,6594371
56519,582,66418,18 October ,2020-10-18,7549256,114061,6660789
45506,589,69800,19 October ,2020-10-19,7594762,114650,6730589
54348,714,61828,20 October ,2020-10-20,7649110,115364,6792417
56264,701,79561,21 October ,2020-10-21,7705374,116065,6871978
54371,686,74569,22 October ,2020-10-22,7759745,116751,6946547
53931,655,66994,23 October ,2020-10-23,7813676,117406,7013541
50366,578,62270,24 October ,2020-10-24,7864042,117984,7075811
45922,483,59304,25 October ,2020-10-25,7909964,118467,7135115
36019,485,63734,26 October ,2020-10-26,7945983,118952,7198849
43036,511,58429,27 October ,2020-10-27,7989019,119463,7257278
50188,515,56594,28 October ,2020-10-28,8039207,119978,7313872
48765,562,57867,29 October ,2020-10-29,8087972,120540,7371739
48117,550,59005,30 October ,2020-10-30,8136089,121090,7430744
47228,469,58682,31 October ,2020-10-31,8183317,121559,7489426
45928,491,53312,01 November ,2020-11-01,8229245,122050,7542738
37592,498,58524,02 November ,2020-11-02,8266837,122548,7601262
46027,510,53328,03 November ,2020-11-03,8312864,123058,7654590
50465,707,55873,04 November ,2020-11-04,8363329,123765,7710463
47628,672,54133,05 November ,2020-11-05,8410957,124437,7764596
50017,577,53946,06 November ,2020-11-06,8460974,125014,7818542
46153,557,48582,07 November ,2020-11-07,8507127,125571,7867124
46707,491,48465,08 November ,2020-11-08,8553834,126062,7915589
33717,364,41406,09 November ,2020-11-09,8587551,126426,7956995
